SSA-OA-FLXTR Station from 11/07/1996 01:00:00 UTC to 24/07/1996 07:00:00 UTC										
										
&environ										
difsky = 0.0										
ca = 380										
/										
										
&latlong										
lat= 53 37 44.0034										
long= 106 11 52.0434										
tzlong= 106										
lonhem='W'										
lathem='N'										
/										
										
&metformat										
dayorhr=1										
nocolumns=11										
khrsperday=48										
startdate='11/07/96'										
enddate='24/07/96'										
columns= 'DOY'	'WIND'	'TAIR'	'TSOIL'	'RH%'	'VPD'	'PAR'	'RAD'	'PRESS'	'PPT'	FBEAM'
/										
										
DOY	WIND	TAIR	TSOIL	RH%	VPD	PAR	RAD	PRESS	PPT	
	m.s-1	Celsius	Celsius	%	Pa	mmol-2s-1	W.m-2	Pa	mm	
										
DATA STARTS										
193	3.479	14.412	12.740	96.724	537.460	0.000	0.000	93843.000	0.000	0.000
193	2.702	14.427	12.670	95.945	665.908	0.000	0.080	93844.000	0.000	0.943
193	2.097	14.250	12.620	97.183	457.336	0.000	0.100	93860.000	0.000	0.943
193	2.797	14.404	12.570	96.462	580.143	0.000	0.070	93879.000	0.000	0.943
193	3.107	14.458	12.520	95.268	778.643	0.000	0.000	93900.000	0.000	0.000
193	3.283	14.585	12.480	92.830	1189.536	0.010	0.120	93933.000	0.000	0.943
193	3.441	14.438	12.450	92.236	1275.903	0.010	0.000	93948.000	0.000	0.000
193	3.041	14.229	12.410	92.983	1137.651	0.370	0.170	93977.000	0.000	0.942
193	3.182	14.490	12.360	91.732	1363.304	7.790	8.510	94008.000	0.139	0.629
193	3.358	14.837	12.330	90.052	1677.479	48.740	36.940	94040.000	0.000	0.130
193	3.179	15.130	12.330	89.311	1836.761	98.320	58.590	94064.000	0.000	0.540
193	3.212	15.142	12.340	89.582	1791.576	183.020	89.470	94094.000	0.000	0.634
193	2.942	15.255	12.340	89.388	1838.244	231.820	112.260	94150.000	0.000	0.718
193	2.911	15.433	12.370	89.241	1885.134	318.270	156.590	94189.000	0.000	0.678
193	2.933	16.218	12.410	86.644	2460.702	623.890	314.580	94242.000	0.000	0.275
193	2.435	17.379	12.540	82.906	3390.358	865.810	433.610	94286.000	0.000	0.167
193	2.628	18.527	12.770	79.678	4332.614	1024.390	509.550	94319.000	0.000	0.158
193	2.393	19.803	13.010	74.522	5881.775	1124.290	556.270	94353.000	0.000	0.169
193	2.927	20.207	13.250	71.749	6687.277	1226.890	608.100	94398.000	0.000	0.172
193	2.461	20.772	13.430	68.745	7660.981	1362.890	677.880	94428.000	0.000	0.158
193	2.043	22.064	13.660	63.779	9610.048	1530.590	771.350	94444.000	0.000	0.146
193	2.225	22.308	13.970	61.358	10406.001	1489.090	747.640	94462.000	0.000	0.163
193	2.422	22.077	14.240	58.655	10978.236	819.830	405.090	94485.000	0.000	0.676
193	2.360	22.224	14.410	58.710	11062.336	1161.490	581.100	94498.000	0.000	0.409
193	2.925	22.706	14.620	55.203	12359.005	1655.890	854.610	94512.000	0.000	0.146
193	3.309	23.633	14.830	48.567	15008.426	1793.390	902.070	94521.000	0.000	0.153
193	4.047	24.071	15.090	43.383	16962.534	1829.890	924.500	94534.000	0.000	0.130
193	3.655	24.243	15.410	39.620	18277.774	1573.490	792.460	94555.000	0.000	0.155
193	2.659	24.225	15.600	40.660	17943.556	1516.990	761.600	94566.000	0.000	0.156
193	1.827	23.930	15.540	41.717	17314.251	669.830	331.160	94590.000	0.000	0.746
193	1.637	23.506	15.360	41.239	17015.915	603.870	296.630	94604.000	0.000	0.770
193	2.409	24.052	15.230	38.858	18297.324	977.850	482.130	94614.000	0.000	0.357
193	3.739	24.063	15.230	56.359	13068.621	1231.100	614.030	94615.000	0.000	0.146
193	4.664	23.483	15.390	58.863	11895.860	879.970	439.550	94650.000	0.000	0.255
193	3.961	21.049	15.400	65.993	8478.846	284.480	134.330	94682.000	0.000	0.896
193	3.486	20.211	15.260	65.722	8115.932	284.480	135.780	94687.000	0.000	0.847
193	2.869	19.700	15.080	64.166	8219.798	258.460	123.750	94679.000	0.000	0.804
193	2.822	19.424	14.900	65.983	7670.244	204.410	98.160	94733.000	0.000	0.789
193	3.157	18.921	14.750	68.563	6869.604	114.640	54.260	94763.000	0.000	0.873
193	3.799	18.158	14.630	68.857	6487.644	81.670	39.260	94793.000	0.000	0.793
193	3.967	17.450	14.470	70.103	5956.323	47.140	23.310	94815.000	0.000	0.295
193	4.114	17.447	14.320	74.417	5095.887	16.560	7.220	94815.000	0.000	0.710
193	3.570	17.186	14.150	76.909	4524.198	2.940	0.530	94840.000	0.000	0.940
193	3.182	16.799	14.000	73.862	4997.054	0.130	0.000	94855.000	0.000	0.000
193	3.267	16.593	13.850	72.517	5185.852	0.010	0.000	94869.000	0.000	0.000
193	2.994	16.391	13.710	72.642	5096.315	0.000	0.000	94871.000	0.000	0.000
193	2.775	16.200	13.590	73.659	4847.481	0.000	0.000	94879.000	0.000	0.000
193	1.264	15.957	13.510	75.086	4514.280	0.040	0.180	94891.000	0.000	0.943
194	2.884	15.209	13.430	81.014	3279.106	0.000	0.000	94915.000	0.000	0.000
194	2.534	15.045	13.320	84.796	2598.353	0.000	0.090	94958.000	0.283	0.943
194	2.655	14.484	13.240	92.015	1316.130	0.010	0.130	94948.000	0.844	0.943
194	3.419	14.430	13.170	95.018	818.298	0.090	0.160	94930.000	0.139	0.943
194	1.179	14.325	13.130	97.144	465.924	0.000	0.210	94959.000	0.000	0.943
194	1.922	14.155	13.080	99.048	153.607	0.000	0.520	94979.000	0.000	0.942
194	2.367	14.525	13.020	96.755	536.277	0.000	0.120	94962.000	0.283	0.943
194	2.055	14.277	12.990	97.743	367.062	0.110	0.310	94972.000	0.844	0.941
194	1.801	14.083	12.980	99.107	143.417	2.620	3.810	94975.000	0.139	0.871
194	2.348	14.008	12.970	99.198	128.177	53.850	42.540	94992.000	0.000	0.130
194	2.146	14.135	12.950	98.617	222.861	104.740	59.970	94991.000	0.000	0.449
194	2.593	14.238	12.950	98.379	262.962	136.060	66.710	94978.000	0.000	0.778
194	2.270	14.343	12.940	98.432	256.100	201.830	101.760	94986.000	0.000	0.754
194	2.050	14.560	12.940	98.189	299.968	272.570	138.070	94993.000	0.000	0.738
194	1.816	14.908	12.980	97.268	462.796	334.630	167.090	95017.000	0.000	0.750
194	2.569	15.312	13.040	95.293	818.353	529.680	267.860	95031.000	0.000	0.552
194	3.674	15.179	13.170	93.295	1155.801	560.890	277.660	95043.000	0.000	0.631
194	3.292	15.585	13.260	90.863	1616.619	730.510	354.480	95033.000	0.000	0.533
194	3.344	17.673	13.320	80.730	3893.557	1244.000	620.360	95020.000	0.000	0.159
194	3.139	18.165	13.440	75.927	5017.043	1087.600	541.320	95022.000	0.000	0.312
194	3.711	18.474	13.610	72.396	5865.604	1306.200	641.400	95025.000	0.000	0.223
194	3.228	18.739	13.810	71.762	6100.741	1100.600	539.510	95022.000	0.000	0.417
194	2.909	19.392	13.980	70.334	6675.858	1477.000	730.930	95012.000	0.000	0.191
194	2.940	20.838	14.230	65.965	8376.374	1730.900	863.810	94990.000	0.000	0.147
194	2.822	21.396	14.680	60.871	9965.977	1722.300	860.140	94967.000	0.000	0.146
194	2.672	22.083	14.910	60.063	10608.255	1724.790	859.870	94945.000	0.000	0.146
194	2.382	22.592	15.120	58.431	11389.296	1735.190	868.990	94925.000	0.000	0.147
194	2.773	22.946	15.450	56.673	12128.747	1798.290	903.810	94891.000	0.000	0.130
194	2.673	22.649	15.640	56.494	11961.356	1469.990	724.750	94870.000	0.000	0.177
194	2.915	23.036	15.700	52.698	13313.888	1533.890	761.500	94850.000	0.000	0.146
194	2.483	22.914	15.700	56.087	12268.968	1189.390	585.330	94850.000	0.000	0.249
194	2.745	21.189	15.640	65.769	8608.431	435.530	205.410	94844.000	0.000	0.875
194	2.771	20.807	15.470	71.207	7072.747	539.980	257.750	94854.000	0.000	0.751
194	2.269	20.675	15.360	70.746	7127.773	437.900	212.090	94861.000	0.000	0.790
194	2.439	22.265	15.280	61.012	10471.714	1119.190	564.680	94827.000	0.000	0.130
194	2.441	20.982	15.290	63.763	8997.697	429.050	205.350	94837.000	0.000	0.632
194	1.208	19.569	15.210	70.446	6724.295	177.660	84.400	94836.000	0.000	0.912
194	1.769	18.894	15.050	77.099	4995.884	175.880	83.490	94830.000	0.000	0.844
194	1.993	17.940	14.880	80.260	4056.195	191.550	93.260	94821.000	0.000	0.585
194	1.352	17.974	14.740	78.938	4337.113	183.070	84.660	94801.000	0.000	0.184
194	0.189	17.583	14.610	81.611	3694.508	78.420	41.600	94792.000	0.000	0.130
194	0.955	16.712	14.470	86.895	2491.601	20.380	10.910	94794.000	0.000	0.596
194	1.946	15.938	14.300	89.469	1905.843	2.730	1.130	94788.000	0.000	0.937
194	1.981	16.079	14.120	87.294	2320.271	0.120	0.180	94791.000	0.000	0.942
194	1.759	15.877	13.970	88.722	2033.086	0.000	0.300	94793.000	0.000	0.942
194	2.288	15.976	13.850	88.700	2049.986	0.000	0.020	94785.000	0.000	0.943
194	2.200	15.895	13.730	86.897	2364.800	0.000	0.020	94769.000	0.000	0.943
194	1.379	15.453	13.630	89.501	1841.941	0.000	0.030	94767.000	0.000	0.943
195	1.763	14.579	13.530	94.821	858.887	0.000	0.200	94751.000	0.000	0.943
195	2.444	14.915	13.420	90.909	1540.693	0.000	0.130	94733.000	0.000	0.943
195	2.355	15.611	13.330	82.252	3145.410	0.000	0.040	94711.000	0.000	0.943
195	2.636	15.353	13.240	81.722	3186.168	0.000	0.000	94713.000	0.000	0.000
195	2.453	15.873	13.160	74.950	4514.611	0.000	0.000	94707.000	0.000	0.000
195	2.771	15.511	13.080	79.135	3674.193	0.000	0.000	94718.000	0.000	0.000
195	2.841	15.133	13.010	83.243	2880.022	0.000	0.000	94726.000	0.000	0.000
195	2.939	15.113	12.930	83.845	2772.986	0.320	0.000	94729.000	0.000	0.000
195	3.338	15.164	12.850	82.757	2969.465	5.570	2.140	94730.000	0.000	0.915
195	2.675	15.027	12.780	82.172	3043.265	27.970	10.750	94732.000	0.000	0.297
195	2.785	14.712	12.720	79.198	3479.563	94.160	47.830	94723.000	0.000	0.561
195	2.900	15.845	12.670	72.087	5021.590	260.220	125.090	94716.000	0.000	0.268
195	2.105	16.936	12.680	67.792	6211.289	381.150	199.890	94724.000	0.000	0.207
195	1.557	17.361	12.750	68.781	6184.813	456.910	235.950	94721.000	0.000	0.303
195	1.920	17.381	12.880	71.275	5697.925	439.140	219.540	94738.000	0.000	0.558
195	2.136	17.118	13.040	75.356	4807.726	612.420	299.830	94738.000	0.000	0.443
195	1.698	18.999	13.200	68.655	6882.952	959.050	482.690	94731.000	0.000	0.170
195	2.469	20.905	13.360	56.497	10750.800	1077.680	540.690	94734.000	0.000	0.173
195	2.561	21.408	13.590	53.346	11891.306	1214.380	607.690	94749.000	0.000	0.163
195	2.618	22.152	13.830	52.974	12543.943	1335.880	664.870	94743.000	0.000	0.159
195	3.605	21.810	14.100	52.152	12499.496	1489.280	743.460	94736.000	0.000	0.147
195	3.090	22.171	14.330	48.829	13665.420	1625.380	813.650	94727.000	0.000	0.148
195	2.759	22.503	14.510	43.894	15289.280	1665.470	837.290	94719.000	0.000	0.147
195	3.323	21.534	14.700	45.627	13966.174	584.260	292.650	94711.000	0.000	0.839
195	3.175	19.361	14.740	56.956	9667.684	634.750	306.930	94749.000	0.000	0.827
195	3.255	19.771	14.630	55.528	10246.302	935.320	458.010	94704.000	0.000	0.609
195	2.969	20.071	14.650	55.747	10387.281	836.420	410.800	94663.000	0.000	0.676
195	3.189	20.098	14.680	53.995	10816.591	735.670	361.670	94653.000	0.000	0.737
195	2.079	20.160	14.650	56.038	10375.995	752.480	373.800	94632.000	0.000	0.698
195	3.144	20.930	14.670	53.191	11585.615	1003.770	497.370	94608.000	0.000	0.444
195	3.388	22.012	14.780	52.684	12513.970	1400.370	704.980	94591.000	0.000	0.146
195	3.531	22.328	14.900	51.466	13085.769	985.060	491.660	94567.000	0.000	0.328
195	3.708	22.382	14.960	49.702	13606.033	865.740	434.650	94545.000	0.000	0.353
195	3.413	21.872	15.020	53.653	12153.345	581.280	285.950	94571.000	0.000	0.610
195	4.208	20.327	14.950	55.096	10708.373	248.460	120.380	94575.000	0.139	0.915
195	3.769	18.113	14.740	70.107	6209.658	223.880	108.890	94592.000	0.000	0.900
195	3.582	17.581	14.530	73.471	5329.231	182.920	90.690	94582.000	0.000	0.893
195	2.864	17.365	14.370	70.429	5859.808	242.010	141.700	94535.000	0.000	0.528
195	1.623	18.977	14.260	63.528	7997.779	452.520	228.430	94523.000	0.000	0.130
195	1.931	18.546	14.250	67.397	6959.181	202.180	77.770	94526.000	0.000	0.196
195	1.980	17.148	14.160	75.018	4882.935	76.440	39.340	94531.000	0.000	0.130
195	2.328	16.776	14.000	70.590	5614.387	19.640	7.420	94553.000	0.000	0.789
195	1.786	15.953	13.820	71.624	5140.261	2.900	0.670	94583.000	0.000	0.939
195	1.387	15.204	13.640	73.509	4573.837	0.100	0.000	94584.000	0.000	0.000
195	1.762	14.609	13.490	75.355	4095.063	0.000	0.000	94580.000	0.000	0.000
195	2.822	15.648	13.350	68.189	5651.124	0.000	0.000	94575.000	0.000	0.000
195	2.789	15.415	13.220	69.965	5256.495	0.000	0.000	94577.000	0.000	0.000
195	2.990	14.937	13.110	76.532	3982.870	0.000	0.000	94576.000	0.000	0.000
196	1.919	13.916	13.000	82.882	2719.535	0.000	0.000	94569.000	0.000	0.000
196	2.282	12.662	12.880	89.062	1601.193	0.000	0.010	94555.000	0.000	0.943
196	2.368	14.510	12.770	79.773	3339.530	0.000	0.000	94538.000	0.000	0.000
196	1.280	14.210	12.680	81.031	3071.619	0.000	0.000	94532.000	0.000	0.000
196	0.962	12.537	12.610	89.826	1477.189	0.000	0.450	94514.000	0.000	0.942
196	1.203	13.589	12.550	84.257	2448.477	0.000	0.700	94510.000	0.000	0.941
196	1.258	13.246	12.520	85.254	2242.707	0.000	0.620	94503.000	0.000	0.941
196	2.284	12.707	12.490	89.346	1564.227	0.260	0.170	94498.000	0.000	0.942
196	2.604	12.951	12.440	86.057	2080.092	5.220	2.340	94504.000	0.000	0.917
196	2.323	12.975	12.350	83.635	2445.255	32.300	15.780	94518.000	0.000	0.130
196	3.011	12.522	12.280	85.334	2127.299	95.850	51.130	94523.000	0.000	0.412
196	3.284	13.368	12.210	81.991	2760.862	208.920	101.530	94514.000	0.000	0.407
196	3.110	14.246	12.200	79.459	3333.936	340.240	175.450	94530.000	0.000	0.283
196	2.720	15.421	12.240	77.041	4019.656	487.170	248.730	94527.000	0.000	0.236
196	1.845	16.391	12.350	75.746	4518.094	622.500	314.530	94516.000	0.000	0.228
196	1.317	17.772	12.560	70.865	5923.671	625.710	309.960	94497.000	0.000	0.398
196	0.601	18.334	12.800	69.726	6376.711	765.670	379.570	94493.000	0.000	0.346
196	0.404	20.455	13.030	62.033	9125.977	1069.070	536.740	94488.000	0.000	0.170
196	0.918	22.072	13.290	53.260	12406.972	1214.270	606.050	94472.000	0.000	0.160
196	2.192	22.100	13.560	50.054	13280.658	1347.070	672.730	94465.000	0.000	0.152
196	2.032	22.081	13.790	51.385	12911.772	1449.270	725.720	94457.000	0.000	0.149
196	1.714	22.251	14.010	47.651	14048.334	1393.770	695.590	94445.000	0.000	0.190
196	2.124	22.127	14.210	48.324	13763.310	1156.170	575.630	94429.000	0.000	0.379
196	3.207	21.644	14.420	47.403	13601.291	1673.370	837.590	94416.000	0.000	0.146
196	2.509	22.813	14.780	44.139	15511.850	1744.770	877.170	94386.000	0.000	0.150
196	3.413	23.088	14.910	45.231	15464.209	1928.670	976.460	94345.000	0.000	0.130
196	3.001	22.208	15.090	47.593	14027.097	1080.970	532.350	94334.000	0.000	0.473
196	3.507	20.795	15.090	53.153	11499.050	663.000	331.280	94329.000	0.000	0.778
196	3.114	22.478	14.970	46.531	14548.543	1565.570	788.470	94302.000	0.000	0.146
196	2.728	22.517	15.100	46.038	14717.548	1370.870	684.380	94297.000	0.000	0.175
196	3.098	22.590	15.140	44.109	15311.453	1060.270	529.880	94294.000	0.000	0.324
196	2.357	22.141	15.080	47.291	14050.427	1048.670	522.860	94278.000	0.000	0.267
196	1.816	22.509	15.070	46.431	14603.256	1060.270	529.200	94241.000	0.000	0.186
196	2.014	22.175	15.110	48.528	13749.155	503.300	246.390	94217.000	0.000	0.702
196	3.527	20.056	14.990	62.225	8858.499	68.130	29.450	94257.000	0.000	0.967
196	6.191	16.093	14.980	77.324	4144.619	70.030	29.940	94338.000	0.422	0.970
196	2.506	15.505	14.580	85.828	2494.638	460.930	292.360	94277.000	0.422	0.156
196	1.823	16.380	14.240	85.414	2715.212	339.260	238.380	94296.000	0.000	0.148
196	1.548	16.366	14.050	87.301	2361.836	332.120	149.270	94315.000	0.000	0.153
196	1.840	15.978	13.930	88.694	2051.336	182.310	58.300	94317.000	0.000	0.374
196	1.629	15.030	13.810	92.868	1217.678	65.090	29.570	94325.000	0.000	0.130
196	1.522	14.277	13.680	95.802	682.732	20.140	8.670	94342.000	0.000	0.785
196	1.698	14.198	13.540	95.677	699.472	3.080	1.230	94355.000	0.000	0.937
196	2.639	14.019	13.380	94.779	835.024	0.110	0.000	94365.000	0.000	0.000
196	2.619	14.152	13.230	94.338	913.399	0.000	0.100	94350.000	0.000	0.943
196	2.718	14.426	13.100	96.749	533.841	0.000	0.000	94339.000	0.000	0.000
196	2.873	14.413	12.990	96.314	604.763	0.000	0.000	94344.000	0.000	0.000
196	2.846	14.019	12.910	95.151	775.528	0.000	0.000	94343.000	0.000	0.000
197	2.875	13.424	12.830	94.581	833.796	0.000	0.000	94337.000	0.000	0.000
197	2.700	12.951	12.740	95.518	668.649	0.000	0.000	94331.000	0.139	0.000
197	3.168	12.815	12.660	96.163	567.351	0.000	0.020	94333.000	0.000	0.943
197	3.519	13.107	12.580	95.520	675.202	0.000	0.030	94307.000	0.000	0.943
197	2.961	13.044	12.490	95.014	748.376	0.000	0.000	94291.000	0.000	0.000
197	3.089	12.774	12.400	94.871	756.356	0.000	0.040	94282.000	0.000	0.943
197	3.327	12.747	12.320	93.958	889.419	0.000	0.160	94283.000	0.000	0.943
197	2.882	12.954	12.240	91.070	1332.487	0.240	0.100	94297.000	0.000	0.943
197	2.987	13.276	12.180	88.778	1710.090	4.990	2.210	94299.000	0.000	0.922
197	2.539	13.353	12.120	88.719	1727.738	29.140	13.700	94320.000	0.000	1.000
197	2.493	13.131	12.070	91.270	1317.805	87.700	44.530	94338.000	0.000	0.426
197	2.331	13.244	12.040	91.726	1258.222	201.510	98.700	94336.000	0.000	0.379
197	2.018	13.680	12.030	89.185	1692.025	336.650	173.580	94322.000	0.000	0.260
197	0.919	14.639	12.070	84.778	2534.223	479.880	242.710	94327.000	0.000	0.234
197	0.581	15.772	12.180	80.396	3510.353	643.650	322.670	94337.000	0.000	0.195
197	0.394	16.903	12.370	75.060	4799.601	751.700	374.290	94330.000	0.000	0.219
197	0.433	17.714	12.600	77.841	4488.880	798.290	394.290	94330.000	0.000	0.299
197	0.950	19.136	12.810	67.198	7264.740	1097.680	546.060	94318.000	0.000	0.157
197	0.744	20.249	13.070	60.917	9275.381	1176.280	584.740	94305.000	0.000	0.172
197	0.322	20.840	13.340	60.423	9741.518	1294.780	649.350	94305.000	0.000	0.161
197	0.780	21.077	13.610	59.861	10024.957	1229.880	618.570	94283.000	0.000	0.232
197	0.749	20.097	13.860	62.946	8711.512	630.430	318.250	94269.000	0.000	0.774
197	1.331	19.819	13.950	67.607	7485.581	911.220	456.580	94265.000	0.000	0.572
197	1.920	20.929	14.140	60.784	9705.688	1433.280	730.780	94239.000	0.000	0.194
197	0.989	20.279	14.430	63.063	8782.360	576.660	291.010	94228.000	0.000	0.841
197	2.103	20.988	14.480	62.553	9301.573	1249.880	629.680	94205.000	0.000	0.326
197	1.323	21.305	14.600	55.773	11201.714	1147.280	575.780	94179.000	0.000	0.397
197	2.460	22.103	14.780	49.399	13457.285	1340.180	673.780	94147.000	0.000	0.238
197	2.157	22.831	14.980	47.017	14728.742	1573.780	799.070	94117.000	0.000	0.146
197	2.504	22.225	15.140	47.307	14118.266	925.740	461.960	94096.000	0.000	0.497
197	1.478	22.356	15.120	47.443	14194.630	1288.080	648.890	94077.000	0.000	0.166
197	2.652	22.777	15.110	42.930	15812.995	1236.680	625.230	94066.000	0.000	0.151
197	2.524	22.715	15.120	49.384	13972.037	1120.080	561.070	94057.000	0.000	0.154
197	2.756	22.733	15.170	49.166	14047.555	1063.980	535.560	94043.000	0.000	0.147
197	2.569	23.303	15.180	44.825	15782.786	914.750	460.620	94010.000	0.000	0.147
197	1.960	23.443	15.120	46.985	15293.723	730.630	370.150	93986.000	0.000	0.148
197	2.029	22.481	15.030	51.146	13295.259	392.680	201.140	93971.000	0.000	0.432
197	1.540	21.522	14.920	59.437	10411.300	244.720	141.080	93981.000	0.000	0.487
197	1.835	20.191	14.810	66.587	7901.344	156.100	77.090	93980.000	0.000	0.638
197	1.803	19.349	14.650	70.338	6657.110	109.600	55.550	93979.000	0.000	0.337
197	1.814	18.776	14.500	72.227	6014.184	50.450	26.120	93969.000	0.000	0.130
197	1.658	18.187	14.350	73.294	5573.485	17.540	9.140	93957.000	0.000	0.801
197	1.205	17.360	14.190	80.676	3828.046	2.020	0.770	93971.000	0.000	0.939
197	1.804	16.716	14.020	82.868	3258.067	0.060	0.000	93974.000	0.000	0.000
197	2.286	16.002	13.860	87.206	2324.878	0.000	0.000	93968.000	0.000	0.000
197	2.782	16.409	13.720	79.773	3772.257	0.000	0.000	93960.000	0.000	0.000
197	2.590	16.418	13.610	76.069	4465.598	0.000	0.000	93951.000	0.000	0.000
197	2.578	16.121	13.500	78.105	4009.031	0.000	0.000	93927.000	0.000	0.000
198	3.045	15.536	13.380	81.883	3195.407	0.000	0.000	93900.000	0.000	0.000
198	3.179	15.220	13.270	83.839	2793.169	0.000	0.000	93872.000	0.000	0.000
198	3.194	15.034	13.150	86.208	2355.375	0.000	0.010	93879.000	0.000	0.943
198	2.310	14.596	13.060	87.982	1995.259	0.000	0.010	93898.000	0.000	0.943
198	2.457	13.686	12.970	90.832	1434.909	0.000	0.000	93899.000	0.000	0.000
198	2.918	14.623	12.870	82.805	2859.740	0.000	0.320	93907.000	0.000	0.942
198	2.919	15.000	12.780	79.857	3432.467	0.000	0.450	93901.000	0.000	0.942
198	2.536	14.959	12.750	80.676	3284.222	0.090	0.660	93892.000	0.000	0.940
198	2.407	14.647	12.730	82.855	2855.847	1.340	1.430	93905.000	0.000	0.932
198	2.906	14.970	12.690	81.252	3188.586	7.150	4.410	93890.000	0.000	0.381
198	2.578	15.287	12.670	79.852	3497.284	24.830	12.950	93864.000	0.000	0.937
198	2.102	14.992	12.670	82.079	3052.254	61.890	31.050	93845.000	0.000	0.930
198	2.152	15.008	12.690	82.697	2950.036	97.800	47.630	93828.000	0.000	0.934
198	1.923	15.032	12.740	83.201	2868.536	131.320	62.900	93823.000	0.000	0.938
198	1.174	15.128	12.810	85.072	2564.847	156.700	74.070	93825.000	0.000	0.946
198	1.027	15.179	13.270	86.663	2299.018	207.280	97.990	93825.000	0.000	0.936
198	1.038	15.482	13.480	87.689	2163.860	277.690	131.510	93829.000	0.000	0.914
198	1.335	15.644	13.170	87.225	2268.857	465.580	223.250	93835.000	0.000	0.794
198	1.245	16.593	13.210	85.195	2793.601	533.880	257.850	93858.000	0.000	0.774
198	1.237	17.561	13.370	81.203	3771.238	661.560	319.440	93876.000	0.000	0.705
198	2.992	18.740	13.560	73.811	5658.415	972.310	472.020	93874.000	0.000	0.463
198	3.193	18.902	13.820	68.596	6854.250	723.630	348.470	93878.000	0.000	0.723
198	3.081	18.382	13.930	71.594	6001.296	625.000	297.300	93887.000	0.000	0.817
198	3.030	18.142	13.990	72.724	5676.368	704.880	339.780	93881.000	0.000	0.769
198	3.470	18.903	14.080	67.411	7113.334	1070.470	525.470	93865.000	0.000	0.482
198	3.427	19.858	14.200	65.697	7946.160	1183.570	581.550	93861.000	0.000	0.392
198	4.440	20.735	14.490	59.277	9958.972	1497.370	744.860	93872.000	0.000	0.180
198	3.762	20.934	14.850	56.726	10713.310	1552.960	769.420	93878.000	0.000	0.155
198	4.117	21.661	14.980	51.832	12468.942	1626.460	806.730	93877.000	0.000	0.149
198	3.637	22.467	15.040	49.280	13791.329	1544.760	764.490	93869.000	0.000	0.148
198	2.647	23.167	15.090	50.616	14010.566	1435.860	709.520	93872.000	0.000	0.147
198	3.138	23.074	15.110	47.667	14763.877	1221.060	600.800	93881.000	0.000	0.161
198	3.282	23.042	15.140	45.621	15311.383	944.770	463.420	93878.000	0.000	0.271
198	2.515	22.158	15.090	51.500	12941.858	666.550	324.790	93877.000	0.000	0.482
198	2.951	22.873	15.000	46.843	14814.801	745.500	365.310	93889.000	0.000	0.246
198	2.378	22.824	14.910	49.594	14006.413	710.270	349.170	93894.000	0.000	0.159
198	2.146	22.875	14.860	52.019	13373.877	533.530	307.470	93885.000	0.000	0.151
198	2.073	22.103	14.790	59.345	10812.156	326.270	215.200	93891.000	0.000	0.147
198	1.830	21.158	14.700	65.157	8745.670	231.630	109.780	93896.000	0.000	0.299
198	2.126	20.262	14.590	69.310	7289.369	131.560	56.160	93904.000	0.000	0.238
198	2.446	19.713	14.520	70.373	6801.492	71.430	35.410	93911.000	0.000	1.000
198	2.547	18.854	14.420	73.917	5675.834	18.360	8.720	93925.000	0.000	0.831
198	2.402	18.370	14.300	76.535	4953.687	2.030	0.260	93954.000	0.000	0.942
198	2.169	17.442	14.170	82.135	3557.412	0.050	0.000	93977.000	0.000	0.000
198	2.058	17.347	14.060	84.480	3071.955	0.000	0.000	93984.000	0.000	0.000
198	2.321	16.770	13.950	87.035	2474.083	0.000	0.000	94000.000	0.000	0.000
198	2.138	16.766	13.850	85.033	2855.395	0.000	0.440	94007.000	0.000	0.942
198	2.184	16.479	13.730	85.141	2783.525	0.000	0.000	94007.000	0.000	0.000
199	2.111	15.943	13.640	87.710	2224.888	0.010	0.010	94016.000	0.000	0.943
199	2.309	15.678	13.570	87.221	2274.516	0.000	0.290	94029.000	0.000	0.943
199	2.158	15.855	13.510	85.352	2636.883	0.000	0.000	94022.000	0.000	0.000
199	2.059	15.476	13.450	87.176	2253.160	0.010	0.000	94033.000	0.000	0.000
199	2.360	15.399	15.399	86.781	2311.113	0.030	0.370	94015.000	0.000	0.942
199	2.361	15.245	15.245	87.201	2215.659	0.010	0.180	94011.000	0.000	0.943
199	2.665	14.209	14.209	92.715	1179.572	0.020	0.000	94009.000	0.000	0.000
199	3.094	13.775	13.775	93.831	971.131	0.180	0.240	94044.000	0.000	0.942
199	3.357	13.499	13.499	92.884	1100.270	3.630	2.230	94059.000	0.000	0.927
199	3.026	13.700	13.700	92.366	1195.907	28.720	14.720	94050.000	0.000	0.000
199	3.001	14.164	14.164	90.999	1453.179	115.180	61.310	94063.000	0.000	0.130
199	2.700	14.697	14.697	89.314	1785.724	176.110	86.410	94071.000	0.000	0.377
199	2.301	15.166	15.166	87.957	2074.225	206.200	101.590	94085.000	0.000	0.642
199	2.482	15.715	15.715	86.353	2434.773	352.360	173.670	94079.000	0.000	0.478
199	2.667	16.185	16.185	85.364	2690.857	371.690	181.360	94096.000	0.000	0.636
199	2.340	16.305	16.305	86.359	2527.191	274.890	131.500	94117.000	0.000	0.876
199	1.393	16.458	16.458	87.601	2319.592	211.490	98.360	94182.000	0.000	0.950
199	1.329	16.476	16.476	88.981	2063.787	135.380	59.530	94196.000	0.000	0.971
199	1.538	16.185	16.185	91.145	1628.009	66.060	26.850	94219.000	0.000	0.962
199	1.900	15.973	15.973	93.777	1128.727	39.850	13.840	94251.000	0.139	0.953
199	1.375	15.649	15.649	98.026	350.697	72.590	27.960	94240.000	1.128	0.960
199	0.930	15.745	15.745	99.111	158.912	215.420	98.980	94257.000	0.422	0.970
199	1.996	16.200	16.200	98.883	205.559	252.140	117.310	94224.000	0.139	0.967
199	1.780	16.551	16.551	98.548	273.251	282.520	129.940	94250.000	0.000	0.964
199	2.388	16.685	16.685	98.833	221.497	213.390	96.960	94239.000	0.000	0.971
199	1.934	16.802	16.802	98.539	279.367	241.960	111.040	94274.000	0.000	0.969
199	2.736	17.412	17.412	97.429	510.987	587.850	283.250	94244.000	0.000	0.842
199	3.467	18.009	18.009	95.541	920.227	657.970	319.710	94226.000	0.000	0.785
199	4.034	18.376	18.376	93.571	1357.735	568.650	273.960	94236.000	0.000	0.833
199	3.132	18.666	18.666	94.233	1240.265	416.790	195.650	94270.000	0.000	0.910
199	3.599	18.433	18.433	95.667	918.360	192.990	89.680	94317.000	0.000	0.970
199	3.790	18.338	18.338	95.204	1010.451	195.280	90.190	94319.000	0.000	0.968
199	3.060	18.346	18.346	95.627	921.793	193.280	89.140	94339.000	0.000	0.965
199	3.302	18.409	18.409	95.420	969.250	237.360	112.170	94341.000	0.000	0.939
199	3.259	18.399	18.399	95.180	1019.401	209.530	101.250	94355.000	0.000	0.933
199	3.283	18.440	18.440	94.791	1104.509	181.330	86.790	94367.000	0.000	0.929
199	3.232	18.385	18.385	94.601	1140.854	96.460	47.010	94367.000	0.000	0.963
199	3.932	18.240	18.240	94.588	1133.239	143.890	70.510	94377.000	0.000	0.853
199	3.479	18.114	18.114	95.358	964.341	85.060	41.600	94398.000	0.000	0.876
199	3.225	17.986	17.986	96.296	763.308	46.700	22.040	94435.000	0.000	0.819
199	3.419	17.835	17.835	96.625	688.928	26.740	10.670	94458.000	0.000	0.000
199	3.154	17.690	17.690	96.421	723.923	11.290	5.050	94488.000	0.000	0.896
199	3.284	17.571	17.571	93.778	1249.107	2.460	2.000	94525.000	0.000	0.935
199	3.297	17.547	17.547	90.901	1823.917	0.040	0.130	94549.000	0.000	0.943
199	3.834	17.476	17.476	90.753	1845.291	0.000	0.030	94569.000	0.000	0.943
199	3.174	17.291	17.291	90.419	1889.712	0.000	0.020	94574.000	0.000	0.943
199	3.547	17.093	17.093	90.471	1856.043	0.010	0.020	94579.000	0.000	0.943
199	3.061	16.861	16.861	90.598	1804.560	0.000	0.030	94596.000	0.000	0.943
200	2.880	16.560	16.560	91.180	1660.783	0.000	0.020	94595.000	0.000	0.943
200	3.047	16.327	16.327	91.503	1576.400	0.000	0.000	94594.000	0.000	0.000
200	2.737	16.081	16.081	92.353	1396.614	0.000	0.060	94598.000	0.000	0.943
200	2.964	15.832	15.832	93.064	1246.759	0.000	0.030	94592.000	0.000	0.943
200	3.008	15.371	15.371	95.861	722.333	0.000	0.030	94590.000	0.000	0.943
200	2.420	15.236	15.236	95.863	715.750	0.000	0.170	94610.000	0.000	0.943
200	3.214	15.131	15.131	94.944	868.862	0.000	0.060	94617.000	0.000	0.943
200	3.328	14.971	14.971	93.145	1165.946	0.030	0.020	94617.000	0.000	0.943
200	3.003	14.769	14.769	93.288	1126.857	0.690	0.330	94647.000	0.000	0.941
200	2.860	14.551	14.551	94.000	993.244	5.220	2.160	94674.000	0.000	0.891
200	2.786	14.326	14.326	94.768	853.597	13.330	5.910	94693.000	0.000	0.966
200	2.335	14.127	14.127	96.368	584.969	16.830	6.870	94726.000	0.000	0.967
200	2.073	13.884	13.884	98.564	227.664	30.870	13.510	94744.000	0.000	0.969
200	2.064	13.896	13.896	98.803	189.920	45.980	20.670	94761.000	0.000	0.970
200	2.702	13.854	13.854	98.398	253.487	60.990	27.270	94779.000	0.000	0.970
200	3.206	13.756	13.756	97.574	381.432	123.660	57.940	94810.000	0.000	0.968
200	3.364	13.437	13.437	97.688	356.038	118.260	54.140	94852.000	0.000	0.971
200	2.784	13.270	13.270	97.899	320.040	173.600	81.460	94860.000	0.000	0.967
200	2.336	13.336	13.336	97.190	429.888	209.970	98.380	94870.000	0.000	0.964
200	2.952	13.882	13.882	94.198	919.730	303.420	144.640	94868.000	0.000	0.942
200	3.374	14.512	14.512	91.258	1443.513	481.730	232.250	94871.000	0.000	0.864
200	2.762	15.383	15.383	88.333	2037.679	699.640	339.410	94865.000	0.000	0.728
200	3.408	16.175	16.175	84.955	2764.288	787.080	386.600	94852.000	0.000	0.673
200	3.663	16.291	16.291	84.862	2802.030	727.290	348.970	94846.000	0.000	0.748
200	3.827	16.595	16.595	83.703	3075.522	826.130	399.580	94838.000	0.000	0.678
200	3.919	16.114	16.114	85.517	2650.690	586.860	286.570	94843.000	0.000	0.839
200	3.722	15.701	15.701	86.925	2330.632	492.030	239.690	94849.000	0.000	0.889
200	4.014	15.390	15.390	88.920	1936.027	413.800	199.790	94851.000	0.000	0.921
200	3.266	15.536	15.536	89.426	1865.001	396.070	191.730	94832.000	0.000	0.921
200	3.635	15.465	15.465	90.254	1711.152	337.510	160.730	94838.000	0.000	0.939
200	3.641	15.527	15.527	90.767	1627.541	241.840	112.840	94839.000	0.000	0.962
200	3.672	15.515	15.515	91.599	1479.742	227.740	105.850	94829.000	0.000	0.961
200	3.713	15.665	15.665	91.755	1466.294	227.190	106.180	94771.000	0.000	0.955
200	3.091	15.791	15.791	91.222	1573.728	181.680	84.930	94807.000	0.000	0.961
200	3.103	15.902	15.902	91.413	1550.456	173.970	81.640	94833.000	0.000	0.954
200	3.353	15.810	15.810	91.418	1540.461	155.950	73.000	94829.000	0.000	0.947
200	3.452	15.647	15.647	92.721	1293.009	78.930	36.080	94804.000	0.000	0.970
200	3.428	15.256	15.256	96.385	626.242	63.350	29.010	94770.000	0.000	0.968
200	2.729	14.959	14.959	98.959	176.924	33.000	15.500	94763.000	0.139	0.971
200	2.755	14.984	14.984	99.521	81.540	12.570	5.700	94802.000	0.000	0.971
200	3.512	15.076	15.076	99.383	105.655	4.730	2.020	94781.000	0.000	0.859
200	3.866	15.117	15.117	99.204	136.668	1.580	0.550	94761.000	0.000	0.939
200	4.091	15.185	15.185	98.738	217.626	0.240	0.060	94727.000	0.000	0.943
200	4.586	15.280	15.280	98.166	318.202	0.020	0.040	94692.000	0.000	0.943
200	4.537	15.460	15.460	96.974	531.119	0.000	0.040	94727.000	0.000	0.943
200	4.320	15.508	15.508	95.721	753.360	0.000	0.000	94790.000	0.000	0.000
200	4.327	15.393	15.393	96.136	675.293	0.000	0.040	94832.000	0.000	0.943
200	4.101	15.309	15.309	96.495	609.257	0.000	0.090	94800.000	0.000	0.943
201	3.862	15.204	15.204	96.952	526.256	0.000	0.130	94750.000	0.000	0.943
201	4.183	15.110	15.110	97.400	446.201	0.000	0.060	94675.000	0.000	0.943
201	4.149	15.095	15.095	97.779	380.791	0.000	0.110	94626.000	0.000	0.943
201	3.673	15.092	15.092	98.273	296.037	0.000	0.080	94603.000	0.000	0.943
201	4.468	15.098	15.098	98.630	234.932	0.010	0.000	94618.000	0.000	0.000
201	3.592	15.112	15.112	98.941	181.764	0.000	0.000	94611.000	0.000	0.000
201	3.592	15.125	15.125	99.027	167.143	0.000	0.000	94584.000	0.000	0.000
201	3.973	15.139	15.139	98.935	183.112	0.020	0.160	94526.000	0.000	0.942
201	3.764	15.210	15.210	98.504	258.393	0.440	0.440	94527.000	0.000	0.941
201	3.718	15.311	15.311	98.179	316.576	1.870	0.880	94572.000	0.139	0.930
201	3.941	15.172	15.172	99.401	103.209	6.650	2.720	94569.000	0.000	0.971
201	3.578	15.166	15.166	100.160	-27.558	24.970	10.680	94564.000	0.000	0.971
201	3.339	15.279	15.279	100.350	-60.722	39.810	18.040	94554.000	0.000	0.971
201	2.980	15.461	15.461	100.400	-70.212	74.650	37.030	94548.000	0.000	0.967
201	3.322	16.122	16.122	98.895	202.341	281.590	147.300	94545.000	0.000	0.735
201	4.411	17.056	17.056	90.469	1852.085	638.510	321.940	94542.000	0.000	0.280
201	3.961	17.892	17.892	78.182	4469.657	945.360	473.960	94557.000	0.000	0.147
201	3.910	18.578	18.578	68.185	6804.609	1070.880	539.160	94581.000	0.000	0.147
201	4.126	18.860	18.860	65.006	7617.783	1213.480	613.120	94578.000	0.000	0.146
201	4.353	18.619	18.619	63.800	7762.383	1165.080	586.400	94580.000	0.000	0.193
201	3.998	19.369	19.369	57.704	9504.416	1466.980	744.310	94607.000	0.000	0.152
201	3.997	19.333	19.333	56.443	9765.859	1560.180	789.070	94625.000	0.000	0.153
201	3.493	19.219	19.219	58.846	9161.774	1348.880	680.770	94634.000	0.000	0.203
201	4.215	19.032	19.032	61.638	8441.167	1084.680	540.900	94653.000	0.000	0.423
201	3.607	19.232	19.232	62.084	8447.768	901.310	447.690	94633.000	0.000	0.593
201	4.601	19.646	19.646	64.332	8154.319	1717.080	865.680	94620.000	0.000	0.130
201	5.065	20.223	20.223	61.332	9162.143	1634.680	825.780	94619.000	0.000	0.147
201	3.465	20.935	20.935	51.154	12093.510	1634.080	826.370	94592.000	0.000	0.153
201	4.398	20.719	20.719	47.440	12841.090	1631.480	826.470	94593.000	0.000	0.130
201	3.980	20.814	20.814	45.652	13355.864	1566.080	791.360	94573.000	0.000	0.130
201	4.169	20.981	20.981	42.765	14210.655	1479.880	748.370	94578.000	0.000	0.130
201	3.571	20.915	20.915	42.926	14113.255	1265.880	636.780	94575.000	0.000	0.147
201	3.806	20.674	20.674	43.193	13840.242	1116.270	559.040	94552.000	0.000	0.146
201	3.309	20.793	20.793	44.334	13662.076	1006.370	504.390	94523.000	0.000	0.146
201	3.622	21.361	21.361	45.629	13818.353	869.610	435.810	94497.000	0.000	0.148
201	3.851	20.897	20.897	46.800	13140.727	702.350	349.840	94494.000	0.000	0.146
201	3.307	20.083	20.083	48.887	12006.414	370.990	198.250	94492.000	0.000	0.353
201	2.504	19.190	19.190	53.921	10239.656	224.030	112.500	94478.000	0.000	0.556
201	2.579	18.352	18.352	57.988	8859.125	149.870	75.090	94467.000	0.000	0.474
201	2.458	17.805	17.805	56.136	8936.909	132.080	64.030	94455.000	0.000	0.130
201	2.838	17.078	17.078	54.862	8783.553	52.540	23.970	94446.000	0.000	0.000
201	3.122	16.443	16.443	54.284	8544.338	13.840	5.010	94439.000	0.000	0.907
201	2.743	15.747	15.747	58.624	7397.068	1.630	0.200	94437.000	0.000	0.942
201	2.644	14.809	14.809	68.367	5324.484	0.030	0.000	94446.000	0.000	0.000
201	2.398	14.722	14.722	70.275	4975.328	0.000	0.000	94424.000	0.000	0.000
201	2.422	14.164	14.164	73.302	4310.297	0.000	0.000	94395.000	0.000	0.000
201	2.580	13.731	13.731	74.093	4066.661	0.000	0.000	94339.000	0.000	0.000
201	2.587	13.159	13.159	75.869	3649.275	0.000	0.000	94287.000	0.000	0.000
202	2.051	13.099	13.099	76.830	3490.237	0.000	0.000	94258.000	0.000	0.000
202	0.948	10.969	10.969	89.185	1415.795	0.000	0.130	94235.000	0.000	0.943
202	0.662	10.465	10.465	91.564	1067.917	0.000	0.160	94230.000	0.000	0.943
202	1.622	10.513	10.513	90.761	1173.320	0.000	0.000	94299.000	0.000	0.000
202	2.610	10.266	10.266	88.050	1492.791	0.010	0.250	94305.000	0.000	0.943
202	2.990	10.190	10.190	86.219	1712.797	0.030	0.270	94259.000	0.000	0.942
202	3.333	9.930	9.930	87.149	1569.660	0.030	0.410	94226.000	0.000	0.942
202	3.023	9.483	9.483	88.768	1331.367	0.110	0.520	94205.000	0.000	0.941
202	2.635	9.447	9.447	89.808	1205.171	2.380	1.440	94194.000	0.000	0.936
202	1.973	9.417	9.417	90.457	1126.155	18.920	7.320	94207.000	0.000	0.802
202	1.876	9.187	9.187	92.658	853.105	76.680	23.220	94202.000	0.000	0.130
202	1.766	9.638	9.638	89.306	1280.865	225.360	116.230	94200.000	0.000	0.130
202	1.462	10.662	10.662	85.717	1831.992	361.510	187.390	94185.000	0.000	0.130
202	0.943	11.890	11.890	82.275	2466.275	494.020	252.070	94167.000	0.000	0.146
202	0.302	13.425	13.425	77.035	3533.747	679.820	345.170	94142.000	0.000	0.130
202	0.459	15.184	15.184	72.505	4741.084	830.120	419.850	94122.000	0.000	0.153
202	0.404	16.680	16.680	67.994	6072.810	996.980	503.220	94091.000	0.000	0.130
202	1.452	18.421	18.421	59.070	8668.404	1114.670	562.890	94044.000	0.000	0.151
202	2.414	19.155	19.155	49.234	11256.603	1248.370	629.820	94024.000	0.000	0.152
202	1.647	19.823	19.823	45.821	12523.136	1369.370	691.710	94005.000	0.000	0.154
202	1.917	20.351	20.351	40.085	14309.296	1478.470	749.270	93992.000	0.000	0.130
202	1.304	20.937	20.937	36.398	15748.804	1583.070	804.640	93979.000	0.000	0.130
202	1.625	20.890	20.890	32.870	16574.380	1299.870	664.040	93971.000	0.000	0.214
202	1.268	20.716	20.716	35.626	15724.495	1390.070	706.950	93963.000	0.000	0.190
202	2.019	21.454	21.454	35.165	16571.997	1735.570	884.720	93944.000	0.000	0.130
202	1.727	21.879	21.879	30.006	18362.033	1781.270	913.310	93906.000	0.000	0.130
202	2.377	22.162	22.162	25.895	19779.181	1702.070	872.880	93893.000	0.000	0.130
202	1.984	21.728	21.728	30.420	18085.712	1255.570	641.030	93871.000	0.000	0.247
202	2.105	20.914	20.914	31.700	16888.180	816.140	409.750	93866.000	0.000	0.600
202	1.857	20.387	20.387	36.046	15307.934	750.530	374.570	93861.000	0.000	0.628
202	1.352	21.254	21.254	34.042	16653.485	1446.970	731.760	93846.000	0.000	0.130
202	1.973	20.750	20.750	37.102	15396.181	803.000	404.200	93825.000	0.000	0.444
202	3.011	21.722	21.722	35.698	16707.685	1341.770	675.140	93806.000	0.000	0.130
202	2.844	20.242	20.242	36.582	15044.174	439.150	213.930	93801.000	0.000	0.738
202	4.412	16.541	16.541	51.193	9179.128	131.200	61.300	93852.000	0.000	0.967
202	2.842	14.236	14.236	67.731	5234.075	94.180	44.620	93925.000	0.567	0.970
202	2.349	13.294	13.294	75.335	3763.049	125.810	60.660	93904.000	0.000	0.934
202	1.197	13.117	13.117	78.776	3200.862	83.710	41.260	93898.000	0.000	0.939
202	1.810	12.784	12.784	84.819	2240.158	168.870	85.030	93913.000	0.000	0.292
202	2.252	13.302	13.302	82.232	2712.214	185.360	71.570	93884.000	0.000	0.130
202	2.110	12.802	12.802	84.163	2339.716	52.570	23.290	93870.000	0.000	0.000
202	2.911	12.631	12.631	79.517	2992.378	8.640	3.070	93872.000	0.000	0.925
202	2.550	12.597	12.597	76.492	3426.652	0.470	0.250	93859.000	0.000	0.942
202	2.342	12.505	12.505	79.572	2959.770	0.000	0.030	93858.000	0.000	0.943
202	2.812	12.386	12.386	78.163	3139.284	0.000	0.060	93874.000	0.000	0.943
202	3.223	12.077	12.077	81.891	2550.957	0.000	0.000	93876.000	0.000	0.000
202	3.426	11.831	11.831	83.948	2224.814	0.000	0.000	93875.000	0.000	0.000
202	2.910	11.806	11.806	84.418	2156.111	0.010	0.190	93880.000	0.000	0.943
203	2.723	11.721	11.721	86.449	1864.583	0.000	0.160	93858.000	0.000	0.943
203	3.118	11.648	11.648	86.000	1917.095	0.000	0.000	93833.000	0.000	0.000
203	3.068	11.320	11.320	88.097	1594.943	0.010	0.000	93819.000	0.000	0.000
203	2.579	11.051	11.051	89.780	1345.210	0.010	0.000	93815.000	0.000	0.000
203	3.626	11.297	11.297	89.309	1430.359	0.010	0.220	93826.000	0.000	0.943
203	3.092	10.797	10.797	90.361	1247.496	0.020	0.240	93847.000	0.000	0.943
203	2.459	10.501	10.501	91.366	1095.610	0.010	0.570	93859.000	0.000	0.942
203	2.240	10.466	10.466	92.273	978.230	0.030	0.650	93862.000	0.000	0.941
203	2.518	10.528	10.528	92.517	951.265	0.810	0.900	93862.000	0.000	0.939
203	2.816	10.638	10.638	90.429	1225.652	6.970	3.130	93863.000	0.000	0.907
203	3.037	10.805	10.805	88.154	1533.946	19.130	8.390	93887.000	0.000	0.271
203	2.971	10.930	10.930	87.077	1687.375	70.120	35.030	93922.000	0.000	0.770
203	3.204	11.273	11.273	85.573	1927.134	130.780	66.360	93959.000	0.000	0.772
203	3.320	11.700	11.700	86.586	1843.173	254.390	126.720	94000.000	0.000	0.619
203	2.660	12.095	12.095	82.295	2497.006	283.130	141.010	94013.000	0.000	0.729
203	2.894	12.258	12.258	79.934	2860.512	224.250	110.760	94040.000	0.000	0.898
203	2.384	11.992	11.992	85.519	2028.499	105.190	50.230	94074.000	0.139	0.971
203	1.991	11.696	11.696	92.353	1050.471	301.090	146.630	94088.000	0.000	0.903
203	1.262	13.647	13.647	85.674	2236.520	842.790	417.420	94092.000	0.000	0.383
203	1.464	15.037	15.037	72.842	4638.895	644.480	305.280	94115.000	0.000	0.699
203	1.218	16.960	16.960	64.423	6871.451	1500.770	748.840	94117.000	0.000	0.130
203	2.148	16.494	12.470	62.126	7101.686	424.310	215.180	94120.000	0.000	0.891
203	2.910	14.920	12.510	69.102	5238.112	650.070	321.840	94148.000	0.000	0.762
203	2.523	16.648	12.620	69.383	5797.457	1194.970	604.000	94144.000	0.000	0.307
203	2.896	17.396	12.940	59.616	8018.218	1326.370	667.380	94145.000	0.000	0.234
203	3.179	18.307	13.140	55.507	9355.836	1249.770	631.400	94148.000	0.000	0.282
203	3.104	18.399	13.500	54.995	9518.289	1432.970	725.060	94160.000	0.000	0.172
203	3.458	19.311	13.950	50.153	11160.827	1605.170	815.640	94153.000	0.000	0.155
203	3.859	19.897	14.100	46.493	12424.714	1839.470	937.380	94148.000	0.000	0.130
203	4.160	19.850	14.210	44.502	12849.523	1137.270	568.790	94160.000	0.000	0.264
203	3.334	18.993	14.220	51.372	10674.073	965.770	480.110	94181.000	0.000	0.354
203	2.817	19.051	14.120	51.475	10690.103	764.230	383.360	94187.000	0.000	0.479
203	3.978	16.742	14.010	61.979	7242.573	666.630	334.800	94211.000	0.422	0.505
203	3.951	16.346	13.840	70.993	5388.024	192.010	94.300	94215.000	0.283	0.951
203	2.643	15.160	13.680	79.887	3462.825	567.550	283.400	94236.000	0.000	0.394
203	3.528	18.401	13.530	62.033	8030.802	895.690	456.080	94290.000	0.000	0.130
203	3.320	18.593	13.550	55.979	9424.086	559.170	329.250	94298.000	0.000	0.130
203	3.584	17.815	13.530	56.788	8809.619	313.910	234.700	94298.000	0.000	0.130
203	3.147	16.946	13.450	59.318	7850.472	128.580	60.310	94304.000	0.000	0.520
203	3.007	15.601	13.320	64.603	6269.256	51.090	21.170	94314.000	0.000	0.205
203	4.300	14.940	13.160	67.820	5462.482	19.390	9.430	94365.000	0.000	0.723
203	2.772	13.999	12.990	75.247	3953.751	6.850	3.840	94410.000	0.139	0.922
203	2.442	12.717	12.840	83.100	2482.895	1.190	0.000	94408.000	0.000	0.000
203	2.678	12.167	12.680	84.044	2261.031	0.030	0.000	94419.000	0.000	0.000
203	2.808	12.064	12.500	84.628	2163.551	0.000	0.170	94428.000	0.000	0.943
203	3.008	11.493	12.350	86.641	1810.663	0.000	0.000	94449.000	0.000	0.000
203	3.647	11.648	12.210	84.810	2080.048	0.000	0.000	94454.000	0.000	0.000
203	3.931	11.168	12.070	88.478	1528.410	0.000	0.000	94466.000	0.000	0.000
204	4.340	11.109	11.950	90.129	1304.286	0.000	0.000	94483.000	0.000	0.000
204	4.302	11.225	11.840	89.863	1349.781	0.000	0.030	94499.000	0.000	0.943
204	4.320	11.295	11.760	88.366	1556.318	0.000	0.000	94486.000	0.000	0.000
204	3.605	11.029	11.690	90.688	1223.905	0.000	0.000	94471.000	0.000	0.000
204	3.929	10.756	11.620	92.392	981.957	0.000	0.020	94472.000	0.000	0.943
204	4.402	11.342	11.550	89.647	1389.274	0.000	0.090	94486.000	0.000	0.943
204	3.884	11.645	11.500	87.399	1725.180	0.000	0.000	94485.000	0.000	0.000
204	3.660	11.668	11.460	87.464	1718.892	0.060	0.020	94499.000	0.000	0.943
204	3.710	11.700	11.420	87.532	1713.186	1.710	0.600	94501.000	0.000	0.941
204	4.113	11.234	11.380	90.922	1209.492	15.530	5.730	94526.000	0.139	0.879
204	4.188	10.910	11.340	93.986	784.213	53.250	19.340	94541.000	0.000	0.130
204	4.575	11.361	11.310	92.287	1036.315	191.720	96.590	94552.000	0.000	0.130
204	4.249	12.277	11.320	88.018	1710.232	311.800	155.270	94571.000	0.000	0.146
204	4.181	13.263	11.370	84.093	2421.968	476.490	237.150	94577.000	0.000	0.148
204	3.815	14.177	11.480	81.311	3019.816	626.110	309.480	94592.000	0.000	0.146
204	3.874	14.725	11.680	79.774	3386.054	777.600	382.170	94584.000	0.000	0.146
204	4.008	15.516	11.890	77.535	3957.212	938.450	460.040	94574.000	0.000	0.146
204	4.089	16.991	12.120	72.207	5378.589	1084.270	532.620	94569.000	0.000	0.146
204	4.343	18.087	12.450	69.709	6282.057	1221.170	598.770	94572.000	0.000	0.147
204	4.259	19.099	12.730	67.938	7084.478	1344.070	660.180	94570.000	0.000	0.148
204	4.378	19.957	13.000	65.257	8097.646	1341.070	658.570	94558.000	0.000	0.154
204	5.336	20.417	13.270	62.824	8914.899	1340.070	668.580	94548.000	0.000	0.171
204	4.638	20.722	13.540	61.907	9308.335	1365.470	680.960	94535.000	0.000	0.184
204	6.646	21.188	13.860	56.927	10831.357	1587.770	791.810	94511.000	0.000	0.146
204	5.538	20.977	14.220	58.534	10292.898	1137.070	561.480	94494.000	0.000	0.377
204	5.146	20.410	14.320	63.313	8793.832	676.510	327.820	94502.000	2.117	0.769
204	2.847	15.344	14.270	93.025	1215.159	282.880	132.220	94506.000	0.706	0.961
204	2.443	15.438	14.040	97.563	427.135	172.510	75.900	94518.000	0.139	0.971
204	2.758	15.638	15.638	96.734	579.823	186.170	87.950	94513.000	0.283	0.971
204	3.209	15.503	13.900	93.537	1137.509	177.190	82.600	94482.000	0.139	0.971
204	3.482	15.167	13.820	93.624	1098.241	212.050	104.190	94505.000	0.000	0.964
204	3.174	15.848	13.750	94.830	930.269	487.220	242.760	94480.000	0.000	0.778
204	3.736	16.630	13.760	92.578	1403.779	491.270	250.470	94494.000	0.139	0.704
204	4.427	16.297	13.840	90.698	1722.450	234.330	115.310	94518.000	0.000	0.925
204	4.587	15.407	13.770	91.995	1400.254	118.310	53.370	94563.000	0.139	0.969
204	3.343	15.222	13.640	93.895	1055.287	453.620	228.870	94588.000	0.139	0.378
204	3.293	15.733	13.580	91.318	1550.749	385.720	232.460	94559.000	0.000	0.158
204	2.964	16.235	13.560	87.255	2350.679	282.700	202.160	94523.000	0.000	0.130
204	2.824	15.476	13.510	89.596	1827.969	164.020	78.860	94520.000	0.000	0.202
204	3.541	15.273	13.560	90.886	1580.583	164.940	66.860	94527.000	0.000	0.130
204	3.091	14.822	13.870	93.736	1055.244	55.880	28.790	94548.000	0.000	0.000
204	3.509	14.331	13.430	95.602	717.763	11.920	5.610	94559.000	0.000	0.913
204	3.594	14.080	13.180	95.690	692.055	0.950	0.390	94549.000	0.000	0.942
204	3.906	13.924	13.020	96.929	488.143	0.020	0.240	94563.000	0.000	0.942
204	3.452	13.907	12.910	96.820	504.911	0.000	0.000	94552.000	0.000	0.000
204	3.572	13.561	12.800	98.717	199.179	0.000	0.000	94567.000	0.000	0.000
204	3.610	13.461	12.710	99.525	73.262	0.000	0.400	94572.000	0.000	0.942
204	3.441	13.713	12.630	99.248	117.904	0.000	0.670	94580.000	0.000	0.942
205	3.721	13.880	12.590	98.478	241.235	0.000	0.420	94592.000	0.000	0.942
205	3.901	13.655	12.560	97.559	381.278	0.000	0.000	94601.000	0.000	0.000
205	3.757	13.329	12.510	96.737	498.962	0.000	0.000	94621.000	0.000	0.000
205	3.661	12.964	12.450	97.189	419.717	0.000	0.000	94631.000	0.000	0.000
205	3.476	12.544	12.380	97.437	372.300	0.000	0.000	94635.000	0.000	0.000
205	3.499	12.079	12.300	97.085	410.681	0.000	0.000	94652.000	0.000	0.000
205	3.816	11.854	12.220	95.698	597.165	0.000	0.000	94663.000	0.000	0.000
205	3.770	11.604	12.140	95.983	548.472	0.040	0.000	94676.000	0.000	0.000
205	3.151	11.386	12.060	96.923	414.109	1.870	0.540	94708.000	0.000	0.941
205	2.994	11.104	11.970	97.362	348.451	16.350	5.960	94732.000	0.000	0.886
205	3.239	11.075	11.890	97.380	345.408	56.230	24.690	94761.000	0.000	0.000
205	3.517	11.828	11.840	95.055	685.243	174.530	91.080	94781.000	0.000	0.130
205	3.176	12.540	11.840	92.427	1099.760	264.590	131.050	94805.000	0.000	0.170
205	3.212	12.924	11.890	91.786	1223.246	254.380	123.300	94816.000	0.000	0.580
205	3.437	13.152	11.960	91.237	1324.602	406.690	193.240	94839.000	0.000	0.457
205	3.780	13.741	12.040	89.163	1702.207	579.730	285.870	94864.000	0.000	0.307
205	3.620	14.255	12.160	87.926	1960.830	662.420	327.290	94886.000	0.000	0.345
205	3.586	14.327	12.330	88.181	1928.386	491.850	243.620	94904.000	0.000	0.694
205	3.719	14.340	12.480	87.247	2082.529	496.900	246.660	94928.000	0.000	0.752
205	3.566	14.875	12.600	82.470	2963.241	765.150	378.400	94955.000	0.000	0.526
205	3.082	14.985	12.730	81.366	3172.260	623.580	307.710	94968.000	0.000	0.722
205	3.393	16.107	12.830	76.645	4272.540	926.570	462.490	94978.000	0.000	0.467
205	2.326	16.346	12.990	76.578	4350.615	822.440	404.080	95009.000	0.000	0.610
205	2.952	16.873	13.200	72.898	5205.750	827.960	410.150	95031.000	0.000	0.620
205	2.013	17.127	13.370	72.428	5382.009	928.160	460.550	95051.000	0.000	0.542
205	2.327	17.232	13.500	72.508	5402.189	742.710	367.740	95062.000	0.000	0.702
205	2.343	18.426	13.640	68.299	6715.936	1342.670	669.460	95060.000	0.000	0.210
205	2.727	18.721	13.900	66.686	7189.295	1639.770	816.820	95043.000	0.000	0.130
205	2.609	19.662	14.110	60.783	8974.599	1583.270	791.920	95032.000	0.000	0.130
205	2.516	20.385	14.290	58.538	9923.056	1448.770	728.960	95027.000	0.000	0.155
205	3.561	20.129	14.470	59.484	9544.331	1382.970	687.430	95028.000	0.000	0.130
205	2.608	20.391	14.500	59.513	9693.303	1132.370	562.280	95035.000	0.000	0.155
205	2.940	20.239	14.490	56.516	10313.467	747.280	370.670	95040.000	0.000	0.386
205	2.725	19.050	14.500	67.065	7255.158	410.030	195.030	95064.000	0.000	0.758
205	2.272	19.525	14.420	65.076	7924.397	491.230	239.010	95068.000	0.000	0.505
205	2.218	19.759	14.300	65.139	8025.957	515.550	257.990	95074.000	0.000	0.247
205	2.465	20.861	14.290	58.115	10322.950	524.850	300.260	95079.000	0.000	0.130
205	2.486	20.014	14.290	61.465	9013.242	351.700	240.740	95098.000	0.000	0.130
205	1.512	18.775	14.260	69.585	6585.891	175.260	85.590	95118.000	0.000	0.130
205	1.446	18.330	14.170	72.903	5706.096	158.420	58.930	95130.000	0.000	0.130
205	1.768	17.701	14.090	74.077	5247.073	53.200	27.640	95151.000	0.000	0.233
205	1.564	16.606	13.950	77.953	4163.557	10.890	5.220	95167.000	0.000	0.918
205	0.604	15.639	13.790	83.769	2881.724	0.470	0.580	95173.000	0.000	0.941
205	1.637	15.805	13.720	83.288	2998.829	0.030	0.470	95191.000	0.000	0.942
205	0.957	15.620	13.630	83.291	2962.981	0.020	0.360	95194.000	0.000	0.942
205	1.181	15.257	13.540	83.726	2819.396	0.000	0.350	95187.000	0.000	0.942
205	1.884	15.365	13.450	82.604	3034.758	0.000	0.000	95200.000	0.000	0.000
205	2.112	15.445	13.360	80.058	3496.822	0.000	0.000	95203.000	0.000	0.000
